Grounded contact review. Frames left to right, then top to bottom.
Each window contains twelve samples at 0.05 second intervals. No hit timing assigned.
Mankey/Frank_GreatSword_Attack_Ambush/0: 0.2000 0.2500 0.3000 0.3500 0.4000 0.4500 0.5000 0.5500 0.6000 0.6500 0.7000 0.7500
Mankey/Frank_GreatSword_Attack_Ambush/1: 0.7500 0.8000 0.8500 0.9000 0.9500 1.0000 1.0500 1.1000 1.1500 1.2000 1.2500 1.3000
Mankey/Frank_GreatSword_Attack_Ambush/2: 1.3000 1.3500 1.4000 1.4500 1.5000 1.5500 1.6000 1.6500 1.7000 1.7500 1.8000 1.8500
Mankey/Frank_GreatSword_Attack_Ambush/3: 1.8500 1.9000 1.9500 2.0000 2.0500 2.1000 2.1500 2.2000 2.2500 2.3000 2.3500 2.4000
Mankey/Frank_GreatSword_Attack_Execution1/0: 0.2000 0.2500 0.3000 0.3500 0.4000 0.4500 0.5000 0.5500 0.6000 0.6500 0.7000 0.7500
Mankey/Frank_GreatSword_Attack_Execution1/1: 0.7500 0.8000 0.8500 0.9000 0.9500 1.0000 1.0500 1.1000 1.1500 1.2000 1.2500 1.3000
Mankey/Frank_GreatSword_Attack_Execution1/2: 1.3000 1.3500 1.4000 1.4500 1.5000 1.5500 1.6000 1.6500 1.7000 1.7500 1.8000 1.8500
Mankey/Frank_GreatSword_Attack_Execution1/3: 1.8500 1.9000 1.9500 2.0000 2.0500 2.1000 2.1500 2.2000 2.2500 2.3000 2.3500 2.4000
Mankey/Frank_GreatSword_Attack_Execution2/0: 0.2000 0.2500 0.3000 0.3500 0.4000 0.4500 0.5000 0.5500 0.6000 0.6500 0.7000 0.7500
Mankey/Frank_GreatSword_Attack_Execution2/1: 0.7500 0.8000 0.8500 0.9000 0.9500 1.0000 1.0500 1.1000 1.1500 1.2000 1.2500 1.3000
Mankey/Frank_GreatSword_Attack_Execution2/2: 1.3000 1.3500 1.4000 1.4500 1.5000 1.5500 1.6000 1.6500 1.7000 1.7500 1.8000 1.8500
Mankey/Frank_GreatSword_Attack_Execution2/3: 1.8500 1.9000 1.9500 2.0000 2.0500 2.1000 2.1500 2.2000 2.2500 2.3000 2.3500 2.4000
Mankey/Frank_GreatSword_Attack_Execution3/0: 0.2000 0.2500 0.3000 0.3500 0.4000 0.4500 0.5000 0.5500 0.6000 0.6500 0.7000 0.7500
Mankey/Frank_GreatSword_Attack_Execution3/1: 0.7500 0.8000 0.8500 0.9000 0.9500 1.0000 1.0500 1.1000 1.1500 1.2000 1.2500 1.3000
Mankey/Frank_GreatSword_Attack_Execution3/2: 1.3000 1.3500 1.4000 1.4500 1.5000 1.5500 1.6000 1.6500 1.7000 1.7500 1.8000 1.8500
Mankey/Frank_GreatSword_Attack_Execution3/3: 1.8500 1.9000 1.9500 2.0000 2.0500 2.1000 2.1500 2.2000 2.2500 2.3000 2.3500 2.4000
Pepe/Frank_GreatSword_Attack_Ambush/0: 0.2000 0.2500 0.3000 0.3500 0.4000 0.4500 0.5000 0.5500 0.6000 0.6500 0.7000 0.7500
Pepe/Frank_GreatSword_Attack_Ambush/1: 0.7500 0.8000 0.8500 0.9000 0.9500 1.0000 1.0500 1.1000 1.1500 1.2000 1.2500 1.3000
Pepe/Frank_GreatSword_Attack_Ambush/2: 1.3000 1.3500 1.4000 1.4500 1.5000 1.5500 1.6000 1.6500 1.7000 1.7500 1.8000 1.8500
Pepe/Frank_GreatSword_Attack_Ambush/3: 1.8500 1.9000 1.9500 2.0000 2.0500 2.1000 2.1500 2.2000 2.2500 2.3000 2.3500 2.4000
Pepe/Frank_GreatSword_Attack_Execution1/0: 0.2000 0.2500 0.3000 0.3500 0.4000 0.4500 0.5000 0.5500 0.6000 0.6500 0.7000 0.7500
Pepe/Frank_GreatSword_Attack_Execution1/1: 0.7500 0.8000 0.8500 0.9000 0.9500 1.0000 1.0500 1.1000 1.1500 1.2000 1.2500 1.3000
Pepe/Frank_GreatSword_Attack_Execution1/2: 1.3000 1.3500 1.4000 1.4500 1.5000 1.5500 1.6000 1.6500 1.7000 1.7500 1.8000 1.8500
Pepe/Frank_GreatSword_Attack_Execution1/3: 1.8500 1.9000 1.9500 2.0000 2.0500 2.1000 2.1500 2.2000 2.2500 2.3000 2.3500 2.4000
Pepe/Frank_GreatSword_Attack_Execution2/0: 0.2000 0.2500 0.3000 0.3500 0.4000 0.4500 0.5000 0.5500 0.6000 0.6500 0.7000 0.7500
Pepe/Frank_GreatSword_Attack_Execution2/1: 0.7500 0.8000 0.8500 0.9000 0.9500 1.0000 1.0500 1.1000 1.1500 1.2000 1.2500 1.3000
Pepe/Frank_GreatSword_Attack_Execution2/2: 1.3000 1.3500 1.4000 1.4500 1.5000 1.5500 1.6000 1.6500 1.7000 1.7500 1.8000 1.8500
Pepe/Frank_GreatSword_Attack_Execution2/3: 1.8500 1.9000 1.9500 2.0000 2.0500 2.1000 2.1500 2.2000 2.2500 2.3000 2.3500 2.4000
Pepe/Frank_GreatSword_Attack_Execution3/0: 0.2000 0.2500 0.3000 0.3500 0.4000 0.4500 0.5000 0.5500 0.6000 0.6500 0.7000 0.7500
Pepe/Frank_GreatSword_Attack_Execution3/1: 0.7500 0.8000 0.8500 0.9000 0.9500 1.0000 1.0500 1.1000 1.1500 1.2000 1.2500 1.3000
Pepe/Frank_GreatSword_Attack_Execution3/2: 1.3000 1.3500 1.4000 1.4500 1.5000 1.5500 1.6000 1.6500 1.7000 1.7500 1.8000 1.8500
Pepe/Frank_GreatSword_Attack_Execution3/3: 1.8500 1.9000 1.9500 2.0000 2.0500 2.1000 2.1500 2.2000 2.2500 2.3000 2.3500 2.4000
