Motion study only; no gameplay integration claim.
Each sheet is chronological left to right, top to bottom; exact seconds follow.

Mankey/Vol10_CmnAtemi: 0.0000 0.1318 0.2636 0.3955 0.5273 0.6591 0.7909 0.9227 1.0545 1.1864 1.3182 1.4500 
Mankey/Vol10_CmnAtemi2: 0.0000 0.0955 0.1909 0.2864 0.3818 0.4773 0.5727 0.6682 0.7636 0.8591 0.9545 1.0500 
Mankey/Vol10_CmnAtemi3: 0.0000 0.0727 0.1455 0.2182 0.2909 0.3636 0.4364 0.5091 0.5818 0.6545 0.7273 0.8000 
Mankey/Vol10_HOLD: 0.0000 0.1000 0.2000 0.3000 0.4000 0.5000 0.6000 0.7000 0.8000 0.9000 1.0000 1.1000 
Mankey/Vol10_HOLD_LALI: 0.0000 0.1818 0.3636 0.5455 0.7273 0.9091 1.0909 1.2727 1.4545 1.6364 1.8182 2.0000 
Mankey/Vol10_NAGE_ESC: 0.0000 0.0758 0.1515 0.2273 0.3030 0.3788 0.4545 0.5303 0.6061 0.6818 0.7576 0.8333 
Pepe/Vol10_CmnAtemi: 0.0000 0.1318 0.2636 0.3955 0.5273 0.6591 0.7909 0.9227 1.0545 1.1864 1.3182 1.4500 
Pepe/Vol10_CmnAtemi2: 0.0000 0.0955 0.1909 0.2864 0.3818 0.4773 0.5727 0.6682 0.7636 0.8591 0.9545 1.0500 
Pepe/Vol10_CmnAtemi3: 0.0000 0.0727 0.1455 0.2182 0.2909 0.3636 0.4364 0.5091 0.5818 0.6545 0.7273 0.8000 
Pepe/Vol10_HOLD: 0.0000 0.1000 0.2000 0.3000 0.4000 0.5000 0.6000 0.7000 0.8000 0.9000 1.0000 1.1000 
Pepe/Vol10_HOLD_LALI: 0.0000 0.1818 0.3636 0.5455 0.7273 0.9091 1.0909 1.2727 1.4545 1.6364 1.8182 2.0000 
Pepe/Vol10_NAGE_ESC: 0.0000 0.0758 0.1515 0.2273 0.3030 0.3788 0.4545 0.5303 0.6061 0.6818 0.7576 0.8333 
