Motion study only; no gameplay integration claim.
Each sheet is chronological left to right, top to bottom; exact seconds follow.

Mankey/Vol10_SEOI: 0.0000 0.1288 0.2576 0.3864 0.5152 0.6439 0.7727 0.9015 1.0303 1.1591 1.2879 1.4167
Mankey/Vol10_BRAIN: 0.0000 0.1576 0.3152 0.4727 0.6303 0.7879 0.9455 1.1030 1.2606 1.4182 1.5758 1.7333
Mankey/Vol10_FISH: 0.0000 0.1621 0.3242 0.4864 0.6485 0.8106 0.9727 1.1348 1.2970 1.4591 1.6212 1.7833
Mankey/Vol10_JPBOM: 0.0000 0.1848 0.3697 0.5545 0.7394 0.9242 1.1091 1.2939 1.4788 1.6636 1.8485 2.0333
Mankey/Vol10_LC_DSCREW: 0.0000 0.1091 0.2182 0.3273 0.4364 0.5455 0.6545 0.7636 0.8727 0.9818 1.0909 1.2000
Mankey/Vol10_NECK_BREAK: 0.0000 0.1439 0.2879 0.4318 0.5758 0.7197 0.8636 1.0076 1.1515 1.2955 1.4394 1.5833
Mankey/Vol10_SIHO: 0.0000 0.1227 0.2455 0.3682 0.4909 0.6136 0.7364 0.8591 0.9818 1.1045 1.2273 1.3500
Mankey/Vol10_GS1: 0.0000 0.1758 0.3515 0.5273 0.7030 0.8788 1.0545 1.2303 1.4061 1.5818 1.7576 1.9333
Mankey/Vol10_GSWING: 0.0000 0.1894 0.3788 0.5682 0.7576 0.9470 1.1364 1.3258 1.5152 1.7045 1.8939 2.0833
Pepe/Vol10_SEOI: 0.0000 0.1288 0.2576 0.3864 0.5152 0.6439 0.7727 0.9015 1.0303 1.1591 1.2879 1.4167
Pepe/Vol10_BRAIN: 0.0000 0.1576 0.3152 0.4727 0.6303 0.7879 0.9455 1.1030 1.2606 1.4182 1.5758 1.7333
Pepe/Vol10_FISH: 0.0000 0.1621 0.3242 0.4864 0.6485 0.8106 0.9727 1.1348 1.2970 1.4591 1.6212 1.7833
Pepe/Vol10_JPBOM: 0.0000 0.1848 0.3697 0.5545 0.7394 0.9242 1.1091 1.2939 1.4788 1.6636 1.8485 2.0333
Pepe/Vol10_LC_DSCREW: 0.0000 0.1091 0.2182 0.3273 0.4364 0.5455 0.6545 0.7636 0.8727 0.9818 1.0909 1.2000
Pepe/Vol10_NECK_BREAK: 0.0000 0.1439 0.2879 0.4318 0.5758 0.7197 0.8636 1.0076 1.1515 1.2955 1.4394 1.5833
Pepe/Vol10_SIHO: 0.0000 0.1227 0.2455 0.3682 0.4909 0.6136 0.7364 0.8591 0.9818 1.1045 1.2273 1.3500
Pepe/Vol10_GS1: 0.0000 0.1758 0.3515 0.5273 0.7030 0.8788 1.0545 1.2303 1.4061 1.5818 1.7576 1.9333
Pepe/Vol10_GSWING: 0.0000 0.1894 0.3788 0.5682 0.7576 0.9470 1.1364 1.3258 1.5152 1.7045 1.8939 2.0833
