Current grounded, lane-constrained source poses; effects disabled.
Frames left to right, then top to bottom. Timing in source seconds; review pending.
Mankey_Frank_GreatSword_Attack_Ambush_1: 0.5625 0.5667 0.5708 0.5750 0.5792 0.5833 0.5875 0.5917 0.6000 0.6125 0.6250 0.6500
Mankey_Frank_GreatSword_Attack_Ambush_-1: 0.5625 0.5667 0.5708 0.5750 0.5792 0.5833 0.5875 0.5917 0.6000 0.6125 0.6250 0.6500
Mankey_Frank_GreatSword_Attack_Execution1_1: 0.8000 0.8167 0.8333 0.8500 0.8667 0.8833 2.1833 2.2167 2.2500 2.2833 2.3167 2.3500
Mankey_Frank_GreatSword_Attack_Execution1_-1: 0.8000 0.8167 0.8333 0.8500 0.8667 0.8833 2.1833 2.2167 2.2500 2.2833 2.3167 2.3500
Mankey_Frank_GreatSword_Attack_Execution2_1: 0.7667 0.7833 0.8000 0.8167 0.8333 0.8500 2.0333 2.0667 2.1000 2.1333 2.1667 2.2000
Mankey_Frank_GreatSword_Attack_Execution2_-1: 0.7667 0.7833 0.8000 0.8167 0.8333 0.8500 2.0333 2.0667 2.1000 2.1333 2.1667 2.2000
Mankey_Frank_GreatSword_Attack_Execution3_1: 0.3625 0.3667 0.3708 0.6792 0.6833 0.6875 1.5167 1.5208 1.5250 1.5292 1.5417 1.5583
Mankey_Frank_GreatSword_Attack_Execution3_-1: 0.3625 0.3667 0.3708 0.6792 0.6833 0.6875 1.5167 1.5208 1.5250 1.5292 1.5417 1.5583
Pepe_Frank_GreatSword_Attack_Ambush_1: 0.5625 0.5667 0.5708 0.5750 0.5792 0.5833 0.5875 0.5917 0.6000 0.6125 0.6250 0.6500
Pepe_Frank_GreatSword_Attack_Ambush_-1: 0.5625 0.5667 0.5708 0.5750 0.5792 0.5833 0.5875 0.5917 0.6000 0.6125 0.6250 0.6500
Pepe_Frank_GreatSword_Attack_Execution1_1: 0.8000 0.8167 0.8333 0.8500 0.8667 0.8833 2.1833 2.2167 2.2500 2.2833 2.3167 2.3500
Pepe_Frank_GreatSword_Attack_Execution1_-1: 0.8000 0.8167 0.8333 0.8500 0.8667 0.8833 2.1833 2.2167 2.2500 2.2833 2.3167 2.3500
Pepe_Frank_GreatSword_Attack_Execution2_1: 0.7667 0.7833 0.8000 0.8167 0.8333 0.8500 2.0333 2.0667 2.1000 2.1333 2.1667 2.2000
Pepe_Frank_GreatSword_Attack_Execution2_-1: 0.7667 0.7833 0.8000 0.8167 0.8333 0.8500 2.0333 2.0667 2.1000 2.1333 2.1667 2.2000
Pepe_Frank_GreatSword_Attack_Execution3_1: 0.3625 0.3667 0.3708 0.6792 0.6833 0.6875 1.5167 1.5208 1.5250 1.5292 1.5417 1.5583
Pepe_Frank_GreatSword_Attack_Execution3_-1: 0.3625 0.3667 0.3708 0.6792 0.6833 0.6875 1.5167 1.5208 1.5250 1.5292 1.5417 1.5583
